Posteriors
List and List: Colony Total and Active and Nest Total and Active by Stratum
               Mean       SD median lower95 upper95
LCT2015.SC 1.18e+02 4.21e+00    118     108     124
LCT2015.Co 3.03e+01 2.36e+00     31      26      34
LCT2015.ND 2.78e+01 2.02e+00     28      24      31
LCT2023.SC 8.87e-01 8.90e-01      1       0       2
LCT2023.Co 2.00e+00 0.00e+00      2       2       2
LCT2023.ND 1.94e+00 7.82e-01      2       1       3

LAC2015.SC 1.15e+02 4.37e+00    116     107     123
LAC2015.Co 3.01e+01 2.40e+00     30      25      34
LAC2015.ND 2.40e+01 2.24e+00     24      20      28
LAC2023.SC 8.77e-01 8.90e-01      1       0       2
LAC2023.Co 2.00e+00 0.00e+00      2       2       2
LAC2023.ND 1.07e+00 9.13e-01      1       0       3

LNT2015.SC 8.39e+02 4.73e+01    839     745     930
LNT2015.Co 6.98e+02 6.33e+01    700     573     819
LNT2015.ND 1.77e+02 2.00e+01    177     136     214
LNT2023.SC 1.81e+03 5.70e+03      1       0   12602
LNT2023.Co 6.72e+00 1.49e+00      7       4       9
LNT2023.ND 3.67e+00 3.15e+00      3       1      10

LAT2015.SC 8.39e+02 4.73e+01    839     745     930
LAT2015.Co 6.98e+02 6.33e+01    700     573     819
LAT2015.ND 1.77e+02 2.00e+01    177     136     214
LAT2023.SC 1.81e+03 5.70e+03      1       0   12602
LAT2023.Co 6.72e+00 1.49e+00      7       4       9
LAT2023.ND 3.67e+00 3.15e+00      3       1      10

NCT2015.SC 2.40e+01 2.50e+01     14       0      78
NCT2015.Co 9.39e+01 2.53e+01     97      43     135
NCT2015.ND 2.37e+02 1.53e+02    212      14     524
NCT2023.SC 1.77e+02 2.48e+01    183     125     212
NCT2023.Co 4.02e+01 6.03e+01      1       0     156
NCT2023.ND 1.90e+02 2.73e+02      5       0     676

NAC2015.SC 2.17e+01 2.32e+01     13       0      71
NAC2015.Co 8.21e+01 2.56e+01     83      32     127
NAC2015.ND 1.81e+02 1.31e+02    152       8     441
NAC2023.SC 1.68e+02 2.74e+01    173     111     209
NAC2023.Co 3.84e+01 5.91e+01      1       0     155
NAC2023.ND 1.82e+02 2.68e+02      4       0     674

NNT2015.SC 2.82e+01 3.67e+01     15       0      98
NNT2015.Co 1.95e+02 1.11e+02    173      23     411
NNT2015.ND 3.78e+02 3.80e+02    260      11    1118
NNT2023.SC 5.06e+02 2.32e+02    467     127     959
NNT2023.Co 2.40e+03 1.39e+04      1       0    9190
NNT2023.ND 1.37e+04 8.21e+04      5       0   52715

NAT2015.SC 2.52e+01 3.29e+01     13       0      88
NAT2015.Co 1.48e+02 8.45e+01    131      18     313
NAT2015.ND 2.55e+02 2.59e+02    174       7     760
NAT2023.SC 4.22e+02 1.94e+02    389     102     798
NAT2023.Co 1.90e+03 1.10e+04      1       0    7313
NAT2023.ND 1.08e+04 6.52e+04      4       0   41040

Colony Occupancy
          Mean    SD median lower95 upper95
CP2015.SC 0.83 0.043   0.83    0.74    0.91
CP2015.Co 0.74 0.083   0.75    0.58    0.89
CP2015.ND 0.78 0.085   0.79    0.62    0.94
CP2023.SC 0.38 0.045   0.38    0.30    0.47
CP2023.Co 0.22 0.062   0.22    0.11    0.34
CP2023.ND 0.28 0.106   0.27    0.09    0.49

Nest per Colony
               Mean        SD  median   lower95  upper95
NpC2015lSC    7.133    0.3987  7.1229 6.363e+00    7.921
NpC2015lCo   23.021    1.3779 22.9949 2.035e+01   25.775
NpC2015lND    6.363    0.7394  6.3386 4.957e+00    7.845
NpC2015aSC 1094.240 3275.3762  1.1138 4.542e-05 7924.160
NpC2015aCo    3.352    1.4923  3.1567 7.966e-01    6.314
NpC2015aND    1.438    1.3756  1.0286 7.456e-05    4.170
NpC2023lSC    6.032    0.4611  6.0247 5.118e+00    6.920
NpC2023lCo    6.337    0.9606  6.2896 4.526e+00    8.260
NpC2023lND   10.477    1.8554 10.3785 6.937e+00   14.148
NpC2023aSC    6.612    1.2126  6.5470 4.319e+00    9.005
NpC2023aCo 1109.276 3336.9005  0.9703 4.540e-05 8133.290
NpC2023aND 1102.006 3286.2647  1.0311 4.544e-05 8144.600

Proportion Active
          Mean    SD median lower95 upper95
pA2015.SC 0.89 0.038   0.89    0.82    0.97
pA2015.Co 0.76 0.039   0.76    0.68    0.84
pA2015.ND 0.67 0.071   0.67    0.53    0.81
pA2023.SC 0.83 0.043   0.84    0.75    0.92
pA2023.Co 0.80 0.086   0.80    0.63    0.96
pA2023.ND 0.79 0.101   0.79    0.60    0.98

Colonies per Area
                Mean        SD    median   lower95  upper95
CpA2015.SC 0.0003089 0.0003970 0.0001645 0.0000454 0.001054
CpA2015.Co 0.0035337 0.0019588 0.0031545 0.0005943 0.007464
CpA2015.ND 0.0007796 0.0007693 0.0005426 0.0000454 0.002303
CpA2023.SC 0.0111354 0.0048308 0.0103364 0.0030413 0.020563
CpA2023.Co 0.0008926 0.0016078 0.0003087 0.0000454 0.003698
CpA2023.ND 0.0008294 0.0015676 0.0002894 0.0000454 0.003393

Proportion Active Colonies
           Mean   SD median lower95 upper95
pAC2015.SC 0.58 0.24   0.58   0.178    1.00
pAC2015.Co 0.61 0.23   0.62   0.232    1.00
pAC2015.ND 0.50 0.29   0.50   0.010    0.96
pAC2023.SC 0.50 0.29   0.50   0.051    1.00
pAC2023.Co 0.50 0.29   0.50   0.049    1.00
pAC2023.ND 0.50 0.29   0.50   0.052    1.00

Nest Detection Mean and SD
        Mean     SD median lower95 upper95
pnDD    1.00 0.0034   1.00    0.99       1
pnR2015 0.99 0.0089   0.99    0.97       1
pnR2023 0.95 0.0316   0.96    0.89       1
pnDirt  0.99 0.0091   0.99    0.97       1

Colony Detection Mean and SD
        Mean    SD median lower95 upper95
pcDD    0.92 0.063   0.94    0.80    1.00
pcR2015 0.34 0.095   0.33    0.16    0.52
pcR2023 0.58 0.073   0.58    0.44    0.73

Deviance
    Mean   SD median lower95 upper95
Dev 3167 38.1   3167    3095    3244
